2.96812433914
4.85514373095
1.04391626522
2.6733478081
0.0781890842588
2.09006449823
0.630117189447
3.20227649324
0.00911146449123
3.89098633637
1.617545191
4.37868390775
3.84510415627
2.14023971894
4.93754944458
0.492416106838
2.29490971262
2.99473004235
1.28786213054
1.55926394312
4.12284502025
1.46631109764
0.0134877409905
1.43023323799
4.28923928839
3.97683541542
1.63258390671
0.875711979271
1.65773134761
1.75113875435
1.66628696215
1.67628423506
0.0499765201471
3.14111936521
2.2736998339
2.54650164816
2.87279217371
4.25173392706
0.858585526859
1.12057610257
3.02458578539
0.378453705595
1.05201611926
3.24035660043
0.0203758239312
3.24064540989
2.11357035273
3.43355790503
1.41212136877
1.73572810715
0.608135695333
3.54408098666
3.27812770934
0.477597863885
0.728923442824
0.9799749291
2.41637382634
1.64707022451
1.2706852442
3.42426023395
1.25306846927
2.75743726521
0.154157395104
4.54457902489
1.89936013171
3.66083925385
2.33028563584
2.0747243158
0.704805197336
1.60626551985
4.927338013
1.1958699426
2.71283742667
3.23524245245
1.28175363037
3.98754944588
1.21800923414
4.19241479307
2.78432265269
0.640950454257
3.08406820292
2.6123384295
0.0473979406115
0.464647941952
4.97044562368
3.5672108234
0.729232783162
2.69122112013
0.908723210108
3.5458411049
3.15249102594
0.455528420003
3.96551643734
1.12885593659
1.20752048177
4.25964954874
0.96271640411
2.78213963977
4.96766126142
0.325982513929
3.63260538928
2.49423308811
4.57003451645
0.841703745519
4.46677519732
2.2752584475
3.22046445522
3.39750277004
1.07542024799
0.838739310043
0.467483539399
1.1689279275
3.85875370886
3.93847245889
4.94642865429
4.39735049856
0.621310187743
2.41835104503
2.22702048519
1.24898075568
1.53073420833
4.90448327894
4.69229944588
0.0755838439852
0.0348791616511
1.69355799014
4.16980301339
0.821641721377
0.0238598734347
2.17949875453
0.0416952207354
0.534556429761
3.71863004838
4.30180945793
2.32913527004
0.952331603129
2.32872433564
3.4181208985
2.47967257861
1.34901671897
0.542083197607
0.345962735405
0.352473983794
3.26053830549
1.74751940833
3.32491125205
1.59104300343
2.13054202279
2.73241307454
2.26083670501
0.71062785676
1.91938508077
4.03039946294
3.64147184683
2.33123382321
2.98359046008
1.7239818327
1.42185878116
2.08265728867
1.6117401078
0.899814576047
3.63278688376
0.701812924754
1.71318017887
4.95701144728
4.58374981979
1.92519899884
1.44618114468
1.18227233333
2.14253565353
3.77975206074
3.4731348333
2.67595294285
4.24404781409
3.8050820924
1.15373859663
3.5545030508
1.07818460279
2.18512866963
0.908522258822
1.20282482092
0.87705502895
3.28499334957
4.37244584783
4.68789914827
0.230770566291
0.409052325271
3.07810614906
0.757171752041
1.21594709796
0.246719909261
0.536525059372
2.21423449304
2.92129802714
2.67916845159
0.718202896423
1.33357845913
1.20356689274
3.14249859393
3.90600569124
1.71749110625
4.97367240574
4.55766011757
3.93851229952
3.70131730784
4.96384352567
4.39397709158
2.46703830027
4.58181315583
0.149313812009
2.20168478486
1.02927236105
3.55368023474
3.71455760616
3.0815700465
3.10288280335
2.65150234946
1.69118555208
1.70087834919
3.94186506131
4.46858374737
4.22031042251
4.28174226624
0.502578492439
2.2314748457
1.19817899267
3.14398617951
2.36661487825
3.02403519149
4.83893591728
0.474177137758
2.03107863804
0.875523245225
0.667846945017
0.263067744299
1.33591957863
1.50347195338
2.84684727494
0.609849506125
3.43746737079
2.75261578606
3.00550476556
4.61170414166
1.03033786952
3.50075368888
1.07561160992
2.73767097888
2.66736171938
3.10511147079
4.93523202208
0.43286151514
2.25705757611
2.33840798107
1.23936721283
0.764403248277
1.26644756133

