   1.00000000     -0.412871391    
   2.00000000      0.148638025    
   3.00000000      0.269864768    
   4.00000000      0.421469688    
   5.00000000     -0.154655755    
   6.00000000       4.62983884E-02
   7.00000000     -0.251318634    
   8.00000000      0.241430700    
   9.00000000       2.50407588E-03
   10.0000000      0.276461780    
   11.0000000     -0.449811608    
   12.0000000      -7.50072598E-02
   13.0000000      0.608237505    
   14.0000000     -0.174463779    
   15.0000000      0.337955058    
   16.0000000     -0.526915610    
   17.0000000      0.199278072    
   18.0000000     -0.305335671    
   19.0000000      0.340456486    
   20.0000000      0.231858611    
   21.0000000     -0.302660346    
   22.0000000      0.376940429    
   23.0000000      -7.50290528E-02
   24.0000000      -6.77492991E-02
   25.0000000       4.79169982E-03
   26.0000000     -0.125469878    
   27.0000000     -0.167222768    
   28.0000000       8.91203657E-02
   29.0000000     -0.224474117    
   30.0000000      0.338380396    
   31.0000000      0.549461186    
   32.0000000     -0.464810371    
   33.0000000      0.404097468    
   34.0000000      0.145502105    
   35.0000000     -0.370155483    
   36.0000000      0.169779658    
   37.0000000      -2.15936336E-03
   38.0000000      0.123606518    
   39.0000000      0.120397858    
   40.0000000      0.109919846    
   41.0000000     -0.207196385    
   42.0000000      0.275237709    
   43.0000000       9.05985013E-02
   44.0000000      -2.41284855E-02
   45.0000000      0.200753257    
   46.0000000      0.679057956    
   47.0000000      -6.29376993E-02
   48.0000000     -0.101037137    
   49.0000000      0.280723155    
   50.0000000      0.410864770    
   51.0000000     -0.203699842    
   52.0000000      0.581364155    
   53.0000000     -0.158688590    
   54.0000000      0.591526330    
   55.0000000      0.248173952    
   56.0000000     -0.508087933    
   57.0000000      0.152914152    
   58.0000000      0.326523364    
   59.0000000     -0.106679581    
   60.0000000      0.179613501    
   61.0000000       8.32273290E-02
   62.0000000     -0.245775655    
   63.0000000       7.49901906E-02
   64.0000000     -0.301130801    
   65.0000000      -8.12095776E-02
   66.0000000      -1.44379577E-02
   67.0000000     -0.211722687    
   68.0000000     -0.493154377    
   69.0000000     -0.470424980    
   70.0000000      0.429196417    
   71.0000000      -9.41113234E-02
   72.0000000      0.219275415    
   73.0000000     -0.306717306    
   74.0000000     -0.335898906    
   75.0000000      0.495611191    
   76.0000000      0.467048645    
   77.0000000      -1.42023265E-02
   78.0000000      -4.77078706E-02
   79.0000000      0.355647743    
   80.0000000      -1.23747438E-02
   81.0000000       4.62030917E-02
   82.0000000      0.342648983    
   83.0000000     -0.166386843    
   84.0000000      0.628938675    
   85.0000000      0.165518224    
   86.0000000      0.659049809    
   87.0000000      0.671736360    
   88.0000000       1.28850913    
   89.0000000       1.20066929    
   90.0000000      0.531804800    
   91.0000000       1.76190948    
   92.0000000       1.98079503    
   93.0000000       1.44960546    
   94.0000000       2.12545013    
   95.0000000       2.25027752    
   96.0000000       2.82830930    
   97.0000000       2.82944679    
   98.0000000       2.94242740    
   99.0000000       3.36924744    
   100.000000       3.67380476    
   101.000000       4.09002066    
   102.000000       4.00972033    
   103.000000       4.82150602    
   104.000000       4.84043169    
   105.000000       5.61926842    
   106.000000       6.68454027    
   107.000000       6.34602737    
   108.000000       6.47350168    
   109.000000       7.45495749    
   110.000000       7.70173120    
   111.000000       7.76259136    
   112.000000       8.93327332    
   113.000000       8.77949333    
   114.000000       9.43912697    
   115.000000       9.37560940    
   116.000000       10.1464081    
   117.000000       9.44614410    
   118.000000       9.87595367    
   119.000000       10.4613638    
   120.000000       10.1333647    
   121.000000       9.85903072    
   122.000000       10.0332289    
   123.000000       10.8813791    
   124.000000       10.3438501    
   125.000000       10.7297535    
   126.000000       10.5047026    
   127.000000       9.42332649    
   128.000000       9.35592365    
   129.000000       9.19243717    
   130.000000       9.55314827    
   131.000000       8.70919132    
   132.000000       8.13583183    
   133.000000       8.41616917    
   134.000000       7.61566973    
   135.000000       7.56041241    
   136.000000       7.32362175    
   137.000000       6.26186180    
   138.000000       6.47155142    
   139.000000       5.78069305    
   140.000000       5.02237749    
   141.000000       4.56967258    
   142.000000       4.71552753    
   143.000000       3.97980428    
   144.000000       3.73091769    
   145.000000       3.05220675    
   146.000000       3.45958376    
   147.000000       3.30456328    
   148.000000       2.69980121    
   149.000000       2.06902409    
   150.000000       2.30317068    
   151.000000       2.08162093    
   152.000000       1.47721148    
   153.000000       1.49196589    
   154.000000       1.44543958    
   155.000000      0.807756543    
   156.000000      0.918174803    
   157.000000      0.974165738    
   158.000000      0.398271680    
   159.000000      0.300859362    
   160.000000      0.632453740    
   161.000000      -6.22107685E-02
   162.000000      0.144829124    
   163.000000      0.216132328    
   164.000000      -2.81261355E-02
   165.000000      0.453341335    
   166.000000      0.103871807    
   167.000000      0.228748024    
   168.000000      0.341642976    
   169.000000       3.53868790E-02
   170.000000       6.02501407E-02
   171.000000     -0.250034213    
   172.000000      0.110956617    
   173.000000      0.533332407    
   174.000000      0.200839415    
   175.000000      0.186826944    
   176.000000     -0.274739534    
   177.000000     -0.170611426    
   178.000000     -0.107425332    
   179.000000     -0.370386153    
   180.000000      -6.09881133E-02
   181.000000     -0.175534427    
   182.000000      0.543900907    
   183.000000     -0.231586039    
   184.000000      0.267594725    
   185.000000      0.470953405    
   186.000000     -0.149652824    
   187.000000      -3.41355428E-02
   188.000000      0.121402048    
   189.000000      0.350372642    
   190.000000     -0.436245739    
   191.000000     -0.372677773    
   192.000000      0.271425962    
   193.000000      -5.65189682E-02
   194.000000     -0.112805262    
   195.000000      0.663738549    
   196.000000      0.141163260    
   197.000000      0.445079803    
   198.000000       9.31573659E-02
   199.000000     -0.179322734    
   200.000000      -1.24164345E-02
   201.000000      0.499837726    
   202.000000     -0.535252213    
   203.000000      -6.64271265E-02
   204.000000     -0.487898678    
   205.000000      0.375375867    
   206.000000     -0.388808221    
   207.000000      -3.62144560E-02
   208.000000      0.754450917    
   209.000000     -0.222981557    
   210.000000      -2.41475198E-02
   211.000000      0.211354390    
   212.000000     -0.107122861    
   213.000000       8.58053789E-02
   214.000000      -9.88824591E-02
   215.000000     -0.161024585    
   216.000000      0.294239134    
   217.000000     -0.182179943    
   218.000000      -8.79252926E-02
   219.000000       8.79703909E-02
   220.000000      -6.57970086E-04
   221.000000      0.279875159    
   222.000000     -0.322213411    
   223.000000      0.178412899    
   224.000000      0.264255852    
   225.000000      0.347219169    
   226.000000       7.80366138E-02
   227.000000     -0.142385677    
   228.000000     -0.369651020    
   229.000000     -0.334613502    
   230.000000      -1.86391044E-02
   231.000000      -2.11486854E-02
   232.000000      0.302793503    
   233.000000       6.74039796E-02
   234.000000       9.71863642E-02
   235.000000     -0.221238688    
   236.000000     -0.161953509    
   237.000000     -0.166089118    
   238.000000      -2.10074782E-02
   239.000000      0.195232615    
   240.000000      0.310957193    
   241.000000       2.77915709E-02
   242.000000      0.246538699    
   243.000000      -2.54275575E-02
   244.000000      0.105244756    
   245.000000       5.11558615E-02
   246.000000     -0.277469873    
   247.000000      0.172970787    
   248.000000     -0.291242301    
   249.000000      0.483492553    
   250.000000       2.87365578E-02
   251.000000      -6.81503415E-02
   252.000000      0.199356377    
   253.000000      0.175510436    
   254.000000      -6.96494654E-02
   255.000000      -8.62344354E-02
   256.000000     -0.195459038    
