Summer_2015	The_Mighty_Dads	6	17	2.833	17.000	2.833	6	2.833	2	2	2	4.833	0.625	0	3.021	0
Fall_2014	Teach_Me_How_to_Doughty_2.0	6	13	2.167	13	2.167	6	3.167	3	3	0	1.833	0.625	0	1.146	0
Fall_2014	Pucked_Up	6	21	3.500	7	1.167	10	2.333	4	0	2	17.333	0.625	14	10.833	1
Summer_2015	Flying_Pucks	6	23	3.833	7.000	1.167	11	2.833	5	0	1	10.167	0.608	16	6.185	0
Fall_2014	Beginner_Indies 1	6	12	2.000	21	3.500	2	2.833	1	5	0	2.000	0.597	-9	1.194	0
Winter_2014	Beginner_Indies 2	6	26	4.333	8	1.333	11	1.333	5	0	1	14.833	0.597	18	8.859	1
Winter_2015	Alaskan_Oil_Exchange 6.9	6	26	4.333	16	2.667	9	3.000	4	1	1	9.333	0.583	10	5.444	1
Fall_2014	Honey_Nut_Chelios	6	23	3.833	8	1.333	11	2.833	5	0	1	7.667	0.556	15	4.259	1
Summer_2015	David_R.Ceriton_School_of_Super_Friends	6	20	3.333	11.000	1.833	7	2.167	3	2	1	7.000	0.556	9	3.889	3
Winter_2014	Spanish_Speed_Skaters	6	10	1.667	13	2.167	4	3.167	2	4	0	1.000	0.556	-3	0.556	0
Summer_2015	Giggly_Gumdrops	6	7	1.167	21.000	3.500	2	3.333	1	5	0	0.667	0.533	-14	0.356	2
Fall_2014	Hard-Core_Honey_Badgers	6	1	0.167	16	2.667	1	3.000	0	5	1	0.167	0.528	-15	0.088	0
Winter_2015	Dirty_Mike_&_the_Boys	6	32	5.333	12	2.000	12	2.500	6	0	0	6.667	0.492	20	3.278	1
Winter_2014	Zamboners	6	18	3.000	10	1.667	10	3.167	5	1	0	9.667	0.492	8	4.753	1
Winter_2014	Nepalese_Nordic_Skiers	6	3	0.500	19	3.167	1	3.000	0	5	1	0.500	0.486	-16	0.243	0
Winter_2015	The_Strong_Forks	6	8	1.333	22	3.667	3	3.000	1	4	1	0.167	0.472	-14	0.079	0
Winter_2015	Teach_Me_How_to_Doughty	6	22	3.667	17	2.833	8	2.833	4	2	0	1.000	0.431	5	0.431	0
Fall_2014	Foreign_Body_Checks	6	19	3.167	16	2.667	6	2.833	3	3	0	2.667	0.431	3	1.148	0
Winter_2015	The_Mighty_Dads	6	27	4.500	12	2.000	8	2.500	4	2	0	1.333	0.431	15	0.574	0
Summer_2015	Seekers	6	13	2.167	27.000	4.500	2	1.833	1	5	0	4.000	0.422	-14	1.689	0
Winter_2014	Punctal_Plugs	6	6	1.000	21	3.500	3	2.667	1	4	1	0.500	0.422	-15	0.211	0
Winter_2015	Specs_Offenders	6	8	1.333	28	4.667	1	2.833	0	5	1	0.500	0.417	-20	0.208	0
Winter_2015	David_R_Ceriton_School_of_Super_Friends	6	19	3.167	17	2.833	5	2.833	2	3	1	1.667	0.408	2	0.681	0
Fall_2014	David_R_Ceriton_School_of_Super_Friends	6	18	3.000	7	1.167	10	3.167	5	1	0	6.500	0.403	11	2.618	3
Fall_2014	Vicious_Velociraptors	6	3	0.500	26	4.333	1	2.833	0	5	1	0.167	0.361	-23	0.060	1
Winter_2015	Puck_Bunnies	6	9	1.500	23	3.833	4	3.000	2	4	0	1.000	0.289	-14	0.289	0
Winter_2014	Beginner_Indies_1	6	17	2.833	18	3.000	6	2.667	3	3	0	4.500	0.283	-1	1.275	0
Winter_2015	The_Big_Mason_Jars	6	4	0.667	30	5.000	0	3.333	0	6	0	0.000	0.264	-26	0.000	0
Winter_2015	The_Consistent_Waterbottles	6	1	0.167	29	4.833	0	2.667	0	6	0	0.000	0.256	-28	0.000	0
Winter_2015	Pucked_Up	6	35	5.833	3	0.500	12	2.833	6	0	0	17.667	0.222	32	3.926	2
