2.968124339140000068e+00 5.997641044337489524e-10
4.855143730950000069e+00 1.841703628752754125e-36
1.043916265220000028e+00 1.315635229981662269e+00
2.673347808099999945e+00 2.332774492156704099e-07
7.818908425880000124e-02 1.184655994898263856e-02
2.090064498229999845e+00 1.806611201809265330e-03
6.301171894470000145e-01 6.218604415643462779e-01
3.202276493239999855e+00 2.641878175689613574e-12
9.111464491230000795e-03 5.686024223508101376e-03
3.890986336370000132e+00 9.089209192644393133e-21
1.617545191000000049e+00 1.598301074616339523e-01
4.378683907750000159e+00 3.811203196556697297e-28
3.845104156270000129e+00 3.922142339724405384e-20
2.140239718940000202e+00 9.702056602766372106e-04
4.937549444580000113e+00 5.198094369084181218e-38
4.924161068380000228e-01 3.178083064871407015e-01
2.294909712619999986e+00 1.197059553137648957e-04
2.994730042350000065e+00 3.338824695311776866e-10
1.287862130539999983e+00 8.391845334292115099e-01
1.559263943119999940e+00 2.339586118947590831e-01
4.122845020249999770e+00 3.929075540818393330e-24
1.466311097640000005e+00 3.973255602981138890e-01
1.348774099049999953e-02 5.966062257056992287e-03
1.430233237990000017e+00 4.755407922262215314e-01
4.289239288390000127e+00 1.047244910223223959e-26
3.976835415420000075e+00 5.534925113511797818e-22
1.632583906710000088e+00 1.439786624341868604e-01
8.757119792709999739e-01 1.220444039675934400e+00
1.657731347609999961e+00 1.202289379009656017e-01
1.751138754350000104e+00 5.787541750500080351e-02
1.666286962150000051e+00 1.128958342421801236e-01
1.676284235060000016e+00 1.047837418255219560e-01
4.997652014710000229e-02 8.834396673930369412e-03
3.141119365209999792e+00 1.155606244898376029e-11
2.273699833899999856e+00 1.620175167619714615e-04
2.546501648160000020e+00 2.255798490789321937e-06
2.872792173710000174e+00 4.586051474172640668e-09
4.251733927060000084e+00 4.092108643242537964e-26
8.585855268590000255e-01 1.189976995577777918e+00
1.120576102570000065e+00 1.226622295246081684e+00
3.024585785389999781e+00 1.714212988742518430e-10
3.784537055950000228e-01 1.554879848397449638e-01
1.052016119259999938e+00 1.309968032318912012e+00
3.240356600430000178e+00 1.032129079784403612e-12
2.037582393120000029e-02 6.432257175880810168e-03
3.240645409889999939e+00 1.024734938195280282e-12
2.113570352730000046e+00 1.354841374615531379e-03
3.433557905029999802e+00 6.839241982192156810e-15
1.412121368770000052e+00 5.176046085243056760e-01
1.735728107149999921e+00 6.573229758063484085e-02
6.081356953330000481e-01 5.666215312566418305e-01
3.544080986660000043e+00 3.218471314135551897e-16
3.278127709340000084e+00 3.999032146969049489e-13
4.775978638849999736e-01 2.919715196973379223e-01
7.289234428240000119e-01 8.840852015379188078e-01
9.799749290999999474e-01 1.326848357440945092e+00
2.416373826340000086e+00 1.921060592218703548e-05
1.647070224509999958e+00 1.298888560030017347e-01
1.270685244200000064e+00 8.851270631110065290e-01
3.424260233950000121e+00 8.789882306055744716e-15
1.253068469270000040e+00 9.316819431964711296e-01
2.757437265210000099e+00 4.696912331218559118e-08
1.541573951040000057e-01 2.497983567596980328e-02
4.544579024889999985e+00 6.455596026441090190e-31
1.899360131709999955e+00 1.486762393281104884e-02
3.660839253849999864e+00 1.099970582542172619e-17
2.330285635840000147e+00 7.145737303815466424e-05
2.074724315800000163e+00 2.172640251211888952e-03
7.048051973360000000e-01 8.194870512086388503e-01
1.606265519849999990e+00 1.725697193179165367e-01
4.927338012999999961e+00 8.121123740270526749e-38
1.195869942599999902e+00 1.074542716460123781e+00
2.712837426670000163e+00 1.109793639440457059e-07
3.235242452450000084e+00 1.172084934182691525e-12
1.281753630369999897e+00 8.555642314126424841e-01
3.987549445880000043e+00 3.880886418822607647e-22
1.218009234139999952e+00 1.021211513993830922e+00
4.192414793070000201e+00 3.421740407008009885e-25
2.784322652689999789e+00 2.767367538357909100e-08
6.409504542570000352e-01 6.497491390329790395e-01
3.084068202920000168e+00 4.409679904546404559e-11
2.612338429499999837e+00 7.104384167381230645e-07
4.739794061150000293e-02 8.596858653719518378e-03
4.646479419519999876e-01 2.705771264418956878e-01
4.970445623679999869e+00 1.225138857277621515e-38
3.567210823399999953e+00 1.668808899316795668e-16
7.292327831620000200e-01 8.849088359437633500e-01
2.691221120129999811e+00 1.670243615503222688e-07
9.087232101079999458e-01 1.269659081416638857e+00
3.545841104900000040e+00 3.062204339586745600e-16
3.152491025939999858e+00 8.810617393447263391e-12
4.555284200029999786e-01 2.561719725285631633e-01
3.965516437339999811e+00 8.042598320205258067e-22
1.128855936589999942e+00 1.212628899090565815e+00
1.207520481770000043e+00 1.046850003029645038e+00
4.259649548739999680e+00 3.073195524929520328e-26
9.627164041100000347e-01 1.319577592006400790e+00
2.782139639770000006e+00 2.889692338810490392e-08
4.967661261419999974e+00 1.385202335371060937e-38
3.259825139290000173e-01 1.065807636204801623e-01
3.632605389280000097e+00 2.523345634849969558e-17
2.494233088110000107e+00 5.454687139306138552e-06
4.570034516449999806e+00 2.360333670388204855e-31
8.417037455189999573e-01 1.156993469017208120e+00
4.466775197319999613e+00 1.336947945780403747e-29
2.275258447500000170e+00 1.584807473978733954e-04
3.220464455220000133e+00 1.689778789396688190e-12
3.397502770040000009e+00 1.799994711157445344e-14
1.075420247989999911e+00 1.288441158376876228e+00
8.387393100429999526e-01 1.150920425956782900e+00
4.674835393990000032e-01 2.751674046692769160e-01
1.168927927499999964e+00 1.134846450842248888e+00
3.858753708860000131e+00 2.544946536603251324e-20
3.938472458890000194e+00 1.952690054454482492e-21
4.946428654290000004e+00 3.523249742485869618e-38
4.397350498559999821e+00 1.887490049131979195e-28
6.213101877429999531e-01 5.994962355088806483e-01
2.418351045030000090e+00 1.862164001474488271e-05
2.227020485190000176e+00 3.098894265587403022e-04
1.248980755680000110e+00 9.423651108937236565e-01
1.530734208329999957e+00 2.780795791000919004e-01
4.904483278939999913e+00 2.195249320371237930e-37
4.692299445879999809e+00 1.700692777310463797e-33
7.558384398520000269e-02 1.153419443813622630e-02
3.487916165109999911e-02 7.523425787906016723e-03
1.693557990139999969e+00 9.187613362997446020e-02
4.169803013390000146e+00 7.609347793513814304e-25
8.216417213769999783e-01 1.114385063558200661e+00
2.385987343469999841e-02 6.680420651691831857e-03
2.179498754529999971e+00 5.849695313799626716e-04
4.169522073540000290e-02 8.091838322657141092e-03
5.345564297610000404e-01 3.991138352008098411e-01
3.718630048380000108e+00 1.955676713585377992e-18
4.301809457930000136e+00 6.609227651255793468e-27
2.329135270040000094e+00 7.268225284682974308e-05
9.523316031290000039e-01 1.313125948882656324e+00
2.328724335640000032e+00 7.312461573485200760e-05
3.418120898499999782e+00 1.036839715923336361e-14
2.479672578609999789e+00 6.938180799176198345e-06
1.349016718969999973e+00 6.759049731361372881e-01
5.420831976069999669e-01 4.148252467886588413e-01
3.459627354049999992e-01 1.235095835927175201e-01
3.524739837940000231e-01 1.294637585616420228e-01
3.260538305489999900e+00 6.231180901679801699e-13
1.747519408330000079e+00 5.964599246675286737e-02
3.324911252050000154e+00 1.208866437093861176e-13
1.591043003430000047e+00 1.909586954819600113e-01
2.130542022789999823e+00 1.096467481501675178e-03
2.732413074540000153e+00 7.629908004914289236e-08
2.260836705010000003e+00 1.941880597434003902e-04
7.106278567599999541e-01 8.351306935819238220e-01
1.919385080769999918e+00 1.214419245414270591e-02
4.030399462940000177e+00 9.263129382432105987e-23
3.641471846830000025e+00 1.946036311516353215e-17
2.331233823209999834e+00 7.046252331671007906e-05
2.983590460079999840e+00 4.270895227392040000e-10
1.723981832700000050e+00 7.230163949712882510e-02
1.421858781160000085e+00 4.947715016698403523e-01
2.082657288670000106e+00 1.975581641988644662e-03
1.611740107799999988e+00 1.662938562631482431e-01
8.998145760469999921e-01 1.257684708811527496e+00
3.632786883760000141e+00 2.509984417118448004e-17
7.018129247540000337e-01 8.114431858218235094e-01
1.713180178870000070e+00 7.881392783931155666e-02
4.957011447280000205e+00 2.213808876146165854e-38
4.583749819790000402e+00 1.368495985389439755e-31
1.925198998840000009e+00 1.144178313240440913e-02
1.446181144679999919e+00 4.400123551447644443e-01
1.182272333330000036e+00 1.105680429051901337e+00
2.142535653529999973e+00 9.423632645328920004e-04
3.779752060739999919e+00 3.023012072033154854e-19
3.473134833300000057e+00 2.325263633480029886e-15
2.675952942849999960e+00 2.222391784339712089e-07
4.244047814089999981e+00 5.400191171460213013e-26
3.805082092400000171e+00 1.377599448147793672e-19
1.153738596630000002e+00 1.166170876093037823e+00
3.554503050800000175e+00 2.395750797447596052e-16
1.078184602789999946e+00 1.285405319970889026e+00
2.185128669630000076e+00 5.432668235415222344e-04
9.085222588219999951e-01 1.269400063826536362e+00
1.202824820920000093e+00 1.058116391116206589e+00
8.770550289499999819e-01 1.222697471901228461e+00
3.284993349570000110e+00 3.360211005539118187e-13
4.372445847829999899e+00 4.815844111407989626e-28
4.687899148269999650e+00 2.036948268459769008e-33
2.307705662910000122e-01 4.967441367716132067e-02
4.090523252709999946e-01 1.910782705396502634e-01
3.078106149059999908e+00 5.061504707164971175e-11
7.571717520409999569e-01 9.583404750216523160e-01
1.215947097960000001e+00 1.026301148224887827e+00
2.467199092609999866e-01 5.684883278025099768e-02
5.365250593720000127e-01 4.031892692261146993e-01
2.214234493040000196e+00 3.685682546781601787e-04
2.921298027140000197e+00 1.649709978737106546e-09
2.679168451589999833e+00 2.093104389067364750e-07
7.182028964229999479e-01 8.554477905917762248e-01
1.333578459129999949e+00 7.166570346574154815e-01
1.203566892740000061e+00 1.056345108080707140e+00
3.142498593930000084e+00 1.118291839102878041e-11
3.906005691239999855e+00 5.603446777844288994e-21
1.717491106250000010e+00 7.615918813187437519e-02
4.973672405740000357e+00 1.062519979996366833e-38
4.557660117570000224e+00 3.852830979971332667e-31
3.938512299520000148e+00 1.950151659838952615e-21
3.701317307840000126e+00 3.293784044215527650e-18
4.963843525669999757e+00 1.638974276352009243e-38
4.393977091580000049e+00 2.143682658417126244e-28
2.467038300270000040e+00 8.532398674914188147e-06
4.581813155829999928e+00 1.478175205746554761e-31
1.493138120090000132e-01 2.386510573511618771e-02
2.201684784859999855e+00 4.361844749325178433e-04
1.029272361050000084e+00 1.323492235467990552e+00
3.553680234739999833e+00 2.452351097993731081e-16
3.714557606160000081e+00 2.211476529262508752e-18
3.081570046499999993e+00 4.672132122118174458e-11
3.102882803349999996e+00 2.846695115463301503e-11
2.651502349459999852e+00 3.492348070156169365e-07
1.691185552080000098e+00 9.356838028751668368e-02
1.700878349189999916e+00 8.681083464485508938e-02
3.941865061310000140e+00 1.747832699748427937e-21
4.468583747370000303e+00 1.246957198885362811e-29
4.220310422509999881e+00 1.266595523494934183e-25
4.281742266240000205e+00 1.376914341280926149e-26
5.025784924389999908e-01 3.363622426704138690e-01
2.231474845700000209e+00 2.915981104694636639e-04
1.198178992669999943e+00 1.069124735217838351e+00
3.143986179510000145e+00 1.079369749541592914e-11
2.366614878250000054e+00 4.146244264633708223e-05
3.024035191489999885e+00 1.735574046336140616e-10
4.838935917279999721e+00 3.682132953587486818e-36
4.741771377580000224e-01 2.862128482519360473e-01
2.031078638039999884e+00 3.620274256468392678e-03
8.755232452250000241e-01 1.220125746107840525e+00
6.678469450170000377e-01 7.204451332320477297e-01
2.630677442989999837e-01 6.508790361535664315e-02
1.335919578629999993e+00 7.104437351868483352e-01
1.503471953380000059e+00 3.252340451580276737e-01
2.846847274940000005e+00 7.839397750572260241e-09
6.098495061249999960e-01 5.708561686564590509e-01
3.437467370789999865e+00 6.152643752411003315e-15
2.752615786059999792e+00 5.159943379565204124e-08
3.005504765560000013e+00 2.627851279778357568e-10
4.611704141659999756e+00 4.476450986745518442e-32
1.030337869520000060e+00 1.323025307401217265e+00
3.500753688880000158e+00 1.083990875743490881e-15
1.075611609919999934e+00 1.288234296087870989e+00
2.737670978880000217e+00 6.894421604523966031e-08
2.667361719380000107e+00 2.606887878661406151e-07
3.105111470789999828e+00 2.702176316679871908e-11
4.935232022080000114e+00 5.752593304719134876e-38
4.328615151399999861e-01 2.227092232396265525e-01
2.257057576109999797e+00 2.047297187969876540e-04
2.338407981070000030e+00 6.335023306699206515e-05
1.239367212829999954e+00 9.672671827905393593e-01
7.644032482770000136e-01 9.769386258568510950e-01
1.266447561329999916e+00 8.963910486594772742e-01
